vesselCount = 1
UT = 4218069.0073905494
gameMode = CAREER
gameNull = False
gameCompatible = True
funds = 218752.68551575873
science = 41
reputationPercent = 8
ongoingContracts = 0
saveMD5 = 7f2d020055cba60abff3d0528e8bd072
