vesselCount = 0
UT = 3625540.2087701266
gameMode = CAREER
gameNull = False
gameCompatible = True
funds = 70670.160446879599
science = 8
reputationPercent = 5
ongoingContracts = 2
saveMD5 = 056f02d9bcb417623eb7294fec436291
