vesselCount = 0
UT = 1594013.6635338999
gameMode = CAREER
gameNull = False
gameCompatible = True
funds = 147779.74514389038
science = 6
reputationPercent = 2
ongoingContracts = 1
saveMD5 = 010bfac2b5afcb96fc6367209d8d0bfc
