vesselCount = 0
UT = 2135408.2442364912
gameMode = CAREER
gameNull = False
gameCompatible = True
funds = 237571.43678756384
science = 22
reputationPercent = 5
ongoingContracts = 2
saveMD5 = 7d45be9f258b18322ff5c0d5ffa0d557
