vesselCount = 0
UT = 954948.36329328443
gameMode = CAREER
gameNull = False
gameCompatible = True
funds = 137728.41865444183
science = 12
reputationPercent = 2
ongoingContracts = 1
saveMD5 = 170c04222d2017cc799f48dce1626665
