vesselCount = 1
UT = 4191213.8487725076
gameMode = CAREER
gameNull = False
gameCompatible = True
funds = 153019.54206025336
science = 28
reputationPercent = 6
ongoingContracts = 1
saveMD5 = 8f0d614b3626680dbcc66b0734e2849d
