vesselCount = 0
UT = 2781229.8687694101
gameMode = CAREER
gameNull = False
gameCompatible = True
funds = 88849.766639051173
science = 8
reputationPercent = 5
ongoingContracts = 0
saveMD5 = 10f1aa5303e9c147e78c77ad9499d692
