vesselCount = 1
UT = 4229925.85407768
gameMode = CAREER
gameNull = False
gameCompatible = True
funds = 300949.48575269908
science = 1
reputationPercent = 9
ongoingContracts = 0
saveMD5 = bea89677b8ab0ea76b6da90d1516d795
